Country,Male Gamers (% Male Online Population),Female Gamers (% Female Online Population),Female to Male Difference,Source
Austria,53,32,21,http://www.isfe.eu/sites/isfe.eu/files/attachments/euro_summary_-_isfe_consumer_study.pdf
Belgium,57,49,8,http://www.isfe.eu/sites/isfe.eu/files/attachments/euro_summary_-_isfe_consumer_study.pdf
Czech Republic,64,48,16,http://www.isfe.eu/sites/isfe.eu/files/attachments/euro_summary_-_isfe_consumer_study.pdf
Denmark,55,36,19,http://www.isfe.eu/sites/isfe.eu/files/attachments/euro_summary_-_isfe_consumer_study.pdf
Finland,67,54,13,http://www.isfe.eu/sites/isfe.eu/files/attachments/euro_summary_-_isfe_consumer_study.pdf
France,61,53,8,http://www.isfe.eu/sites/isfe.eu/files/attachments/euro_summary_-_isfe_consumer_study.pdf
Germany,46,38,8,http://www.isfe.eu/sites/isfe.eu/files/attachments/euro_summary_-_isfe_consumer_study.pdf
Great Britain,43,37,6,http://www.isfe.eu/sites/isfe.eu/files/attachments/euro_summary_-_isfe_consumer_study.pdf
Italy,46,36,10,http://www.isfe.eu/sites/isfe.eu/files/attachments/euro_summary_-_isfe_consumer_study.pdf
Netherlands,57,51,6,http://www.isfe.eu/sites/isfe.eu/files/attachments/euro_summary_-_isfe_consumer_study.pdf
Norway,61,45,16,http://www.isfe.eu/sites/isfe.eu/files/attachments/euro_summary_-_isfe_consumer_study.pdf
Poland,55,43,12,http://www.isfe.eu/sites/isfe.eu/files/attachments/euro_summary_-_isfe_consumer_study.pdf
Portugal,43,38,5,http://www.isfe.eu/sites/isfe.eu/files/attachments/euro_summary_-_isfe_consumer_study.pdf
Spain,43,37,6,http://www.isfe.eu/sites/isfe.eu/files/attachments/euro_summary_-_isfe_consumer_study.pdf
Sweden,66,57,9,http://www.isfe.eu/sites/isfe.eu/files/attachments/euro_summary_-_isfe_consumer_study.pdf
Switzerland,43,38,5,http://www.isfe.eu/sites/isfe.eu/files/attachments/euro_summary_-_isfe_consumer_study.pdf
